[chandula_prof2.jpg]
filters=finetune2=1,0.005848,0.000000,0.160000,00000000,0.111111;
moddate=0bd8ff8e4a2bd601
width=256
height=271
textactive=0
